90000000000000000000000000000000000000000000000000000000000000
90000000000000000000000000000000000000000000000000000000000000
90000000000000000000000000000000000000000000000000000000000000
90000000000000000000000000000000000000000000000000000000000000
90000000000000000000000000000000000000000000000000000000000000
90000000000000000000000000000000000000000000000000000000000000
90000000000000000000000000000000000000000000000000000000000000
90000000000000000000000000000000000000000000000000000000000000
90000000000000000000000000000000000000000000000000000000000000
90000000000000000000000000000000000000000000000000000000000000
90000000000000000000000000000000000000000000000000000000000000
90000000000000000000000000000000000000000000000000000000000000
90000000000000000000000000000000000000000000000000000000000000
90000000000000000000000000000000000000000000000000000000000000
90000000000000000000000000000000000000000000000000000000000000
90000000000000000000000000000000000000000000000000000000000000
90000000000000000000000000000000000000000000000000000000000000
90000000000000000000000000000000000000000000000000000000000000
90000000000000000000000000000000000000000000000000000000000000
90000000000000000000000000000000000000000000000000000000000000
90000000000000000000000000000000000000000000000000000000000000
90000000000000000000000000000000000000000000000000000000000000
90000000000000000000000000000000000000000000000000000000000000
90000000000000000000000000000000000000000000000000000000000000
90000000000000000000000000000000000000000000000000000000000000
90000000000000000000000000000000000000000000000000000000000000
90000000000000000000000000000000000000000000000000000000000000
90000000000000000000000000000000000000000000000000000000000000
90000000000000000000000000000000000000000000000000000000000000
90000000000000000000000000000000000000000000000000000000000000
90000000000000000000000000000000000000000000000000000000000000
90000000000000000000000000000000000000000000000000000000000000
90000000000000000000000000000000000000000000000000000000000000
90000000000000000000000000000000000000000000000000000000000000
90000000000000000000000000000000000000000000000000000000000000
90000000000000000000000000000000000000000000000000000000000000
90000000000000000000000000000000000000000000000000000000000000
90000000000000000000000000000000000000000000000000000000000000
90000000000000000000000000000000000000000000000000000000000000
90000000000000000000000000000000000000000000000000000000000000
90000000000000000000000000000000000000000000000000000000000000
90000000000000000000000000000000000000000000000000000000000000
90000000000000000000000000000000000000000000000000000000000000
90000000000000000000000000000000000000000000000000000000000000
90000000000000000000000000000000000000000000000000000000000000
90000000000000000000000000000000000000000000000000000000000000
90000000000000000000000000000000000000000000000000000000000000
90000000000000000000000000000000000000000000000000000000000000
90000000000000000000000000000000000000000000000000000000000000
90000000000000000000000000000000000000000000000000000000000000
90000000000000000000000000000000000000000000000000000000000000
99999999999999999999999999999999999999999999999999999999999999
